Steps: 
(1) +1 +26 +42 -48 +25 -21 -7 +45 +33 -16 +49 +5 +41 -24 -37 +10 -43 -35 -40 -34 +28 +6 +38 -29 +36 +9 -3 +30 -13 +46 -27 -11 -31 +19 +23 +39 -22 -12 +44 +47 +50 +8 -32 -2 -4 -18 -15 +20 +14 -17 
(2) +1 +2 +32 -8 -50 -47 -44 +12 +22 -39 -23 -19 +31 +11 +27 -46 +13 -30 +3 -9 -36 +29 -38 -6 -28 +34 +40 +35 +43 -10 +37 +24 -41 -5 -49 +16 -33 -45 +7 +21 -25 +48 -42 -26 -4 -18 -15 +20 +14 -17 
(3) +1 +2 -3 +30 -13 +46 -27 -11 -31 +19 +23 +39 -22 -12 +44 +47 +50 +8 -32 -9 -36 +29 -38 -6 -28 +34 +40 +35 +43 -10 +37 +24 -41 -5 -49 +16 -33 -45 +7 +21 -25 +48 -42 -26 -4 -18 -15 +20 +14 -17 
(4) +1 +2 +3 +30 -13 +46 -27 -11 -31 +19 +23 +39 -22 -12 +44 +47 +50 +8 -32 -9 -36 +29 -38 -6 -28 +34 +40 +35 +43 -10 +37 +24 -41 -5 -49 +16 -33 -45 +7 +21 -25 +48 -42 -26 -4 -18 -15 +20 +14 -17 
(5) +1 +2 +3 +4 +26 +42 -48 +25 -21 -7 +45 +33 -16 +49 +5 +41 -24 -37 +10 -43 -35 -40 -34 +28 +6 +38 -29 +36 +9 +32 -8 -50 -47 -44 +12 +22 -39 -23 -19 +31 +11 +27 -46 +13 -30 -18 -15 +20 +14 -17 
(6) +1 +2 +3 +4 -5 -49 +16 -33 -45 +7 +21 -25 +48 -42 -26 +41 -24 -37 +10 -43 -35 -40 -34 +28 +6 +38 -29 +36 +9 +32 -8 -50 -47 -44 +12 +22 -39 -23 -19 +31 +11 +27 -46 +13 -30 -18 -15 +20 +14 -17 
(7) +1 +2 +3 +4 +5 -49 +16 -33 -45 +7 +21 -25 +48 -42 -26 +41 -24 -37 +10 -43 -35 -40 -34 +28 +6 +38 -29 +36 +9 +32 -8 -50 -47 -44 +12 +22 -39 -23 -19 +31 +11 +27 -46 +13 -30 -18 -15 +20 +14 -17 
(8) +1 +2 +3 +4 +5 -6 -28 +34 +40 +35 +43 -10 +37 +24 -41 +26 +42 -48 +25 -21 -7 +45 +33 -16 +49 +38 -29 +36 +9 +32 -8 -50 -47 -44 +12 +22 -39 -23 -19 +31 +11 +27 -46 +13 -30 -18 -15 +20 +14 -17 
(9) +1 +2 +3 +4 +5 +6 -28 +34 +40 +35 +43 -10 +37 +24 -41 +26 +42 -48 +25 -21 -7 +45 +33 -16 +49 +38 -29 +36 +9 +32 -8 -50 -47 -44 +12 +22 -39 -23 -19 +31 +11 +27 -46 +13 -30 -18 -15 +20 +14 -17 
(10) +1 +2 +3 +4 +5 +6 +7 +21 -25 +48 -42 -26 +41 -24 -37 +10 -43 -35 -40 -34 +28 +45 +33 -16 +49 +38 -29 +36 +9 +32 -8 -50 -47 -44 +12 +22 -39 -23 -19 +31 +11 +27 -46 +13 -30 -18 -15 +20 +14 -17 
(11) +1 +2 +3 +4 +5 +6 +7 +8 -32 -9 -36 +29 -38 -49 +16 -33 -45 -28 +34 +40 +35 +43 -10 +37 +24 -41 +26 +42 -48 +25 -21 -50 -47 -44 +12 +22 -39 -23 -19 +31 +11 +27 -46 +13 -30 -18 -15 +20 +14 -17 
(12) +1 +2 +3 +4 +5 +6 +7 +8 +9 +32 -36 +29 -38 -49 +16 -33 -45 -28 +34 +40 +35 +43 -10 +37 +24 -41 +26 +42 -48 +25 -21 -50 -47 -44 +12 +22 -39 -23 -19 +31 +11 +27 -46 +13 -30 -18 -15 +20 +14 -17 
(13) +1 +2 +3 +4 +5 +6 +7 +8 +9 +10 -43 -35 -40 -34 +28 +45 +33 -16 +49 +38 -29 +36 -32 +37 +24 -41 +26 +42 -48 +25 -21 -50 -47 -44 +12 +22 -39 -23 -19 +31 +11 +27 -46 +13 -30 -18 -15 +20 +14 -17 
(14) +1 +2 +3 +4 +5 +6 +7 +8 +9 +10 -11 -31 +19 +23 +39 -22 -12 +44 +47 +50 +21 -25 +48 -42 -26 +41 -24 -37 +32 -36 +29 -38 -49 +16 -33 -45 -28 +34 +40 +35 +43 +27 -46 +13 -30 -18 -15 +20 +14 -17 
(15) +1 +2 +3 +4 +5 +6 +7 +8 +9 +10 +11 -31 +19 +23 +39 -22 -12 +44 +47 +50 +21 -25 +48 -42 -26 +41 -24 -37 +32 -36 +29 -38 -49 +16 -33 -45 -28 +34 +40 +35 +43 +27 -46 +13 -30 -18 -15 +20 +14 -17 
(16) +1 +2 +3 +4 +5 +6 +7 +8 +9 +10 +11 +12 +22 -39 -23 -19 +31 +44 +47 +50 +21 -25 +48 -42 -26 +41 -24 -37 +32 -36 +29 -38 -49 +16 -33 -45 -28 +34 +40 +35 +43 +27 -46 +13 -30 -18 -15 +20 +14 -17 
(17) +1 +2 +3 +4 +5 +6 +7 +8 +9 +10 +11 +12 -13 +46 -27 -43 -35 -40 -34 +28 +45 +33 -16 +49 +38 -29 +36 -32 +37 +24 -41 +26 +42 -48 +25 -21 -50 -47 -44 -31 +19 +23 +39 -22 -30 -18 -15 +20 +14 -17 
(18) +1 +2 +3 +4 +5 +6 +7 +8 +9 +10 +11 +12 +13 +46 -27 -43 -35 -40 -34 +28 +45 +33 -16 +49 +38 -29 +36 -32 +37 +24 -41 +26 +42 -48 +25 -21 -50 -47 -44 -31 +19 +23 +39 -22 -30 -18 -15 +20 +14 -17 
(19) +1 +2 +3 +4 +5 +6 +7 +8 +9 +10 +11 +12 +13 -14 -20 +15 +18 +30 +22 -39 -23 -19 +31 +44 +47 +50 +21 -25 +48 -42 -26 +41 -24 -37 +32 -36 +29 -38 -49 +16 -33 -45 -28 +34 +40 +35 +43 +27 -46 -17 
(20) +1 +2 +3 +4 +5 +6 +7 +8 +9 +10 +11 +12 +13 +14 -20 +15 +18 +30 +22 -39 -23 -19 +31 +44 +47 +50 +21 -25 +48 -42 -26 +41 -24 -37 +32 -36 +29 -38 -49 +16 -33 -45 -28 +34 +40 +35 +43 +27 -46 -17 
(21) +1 +2 +3 +4 +5 +6 +7 +8 +9 +10 +11 +12 +13 +14 -15 +20 +18 +30 +22 -39 -23 -19 +31 +44 +47 +50 +21 -25 +48 -42 -26 +41 -24 -37 +32 -36 +29 -38 -49 +16 -33 -45 -28 +34 +40 +35 +43 +27 -46 -17 
(22) +1 +2 +3 +4 +5 +6 +7 +8 +9 +10 +11 +12 +13 +14 +15 +20 +18 +30 +22 -39 -23 -19 +31 +44 +47 +50 +21 -25 +48 -42 -26 +41 -24 -37 +32 -36 +29 -38 -49 +16 -33 -45 -28 +34 +40 +35 +43 +27 -46 -17 
(23) +1 +2 +3 +4 +5 +6 +7 +8 +9 +10 +11 +12 +13 +14 +15 -16 +49 +38 -29 +36 -32 +37 +24 -41 +26 +42 -48 +25 -21 -50 -47 -44 -31 +19 +23 +39 -22 -30 -18 -20 -33 -45 -28 +34 +40 +35 +43 +27 -46 -17 
(24) +1 +2 +3 +4 +5 +6 +7 +8 +9 +10 +11 +12 +13 +14 +15 +16 +49 +38 -29 +36 -32 +37 +24 -41 +26 +42 -48 +25 -21 -50 -47 -44 -31 +19 +23 +39 -22 -30 -18 -20 -33 -45 -28 +34 +40 +35 +43 +27 -46 -17 
(25) +1 +2 +3 +4 +5 +6 +7 +8 +9 +10 +11 +12 +13 +14 +15 +16 +17 +46 -27 -43 -35 -40 -34 +28 +45 +33 +20 +18 +30 +22 -39 -23 -19 +31 +44 +47 +50 +21 -25 +48 -42 -26 +41 -24 -37 +32 -36 +29 -38 -49 
(26) +1 +2 +3 +4 +5 +6 +7 +8 +9 +10 +11 +12 +13 +14 +15 +16 +17 -18 -20 -33 -45 -28 +34 +40 +35 +43 +27 -46 +30 +22 -39 -23 -19 +31 +44 +47 +50 +21 -25 +48 -42 -26 +41 -24 -37 +32 -36 +29 -38 -49 
(27) +1 +2 +3 +4 +5 +6 +7 +8 +9 +10 +11 +12 +13 +14 +15 +16 +17 +18 -20 -33 -45 -28 +34 +40 +35 +43 +27 -46 +30 +22 -39 -23 -19 +31 +44 +47 +50 +21 -25 +48 -42 -26 +41 -24 -37 +32 -36 +29 -38 -49 
(28) +1 +2 +3 +4 +5 +6 +7 +8 +9 +10 +11 +12 +13 +14 +15 +16 +17 +18 +19 +23 +39 -22 -30 +46 -27 -43 -35 -40 -34 +28 +45 +33 +20 +31 +44 +47 +50 +21 -25 +48 -42 -26 +41 -24 -37 +32 -36 +29 -38 -49 
(29) +1 +2 +3 +4 +5 +6 +7 +8 +9 +10 +11 +12 +13 +14 +15 +16 +17 +18 +19 -20 -33 -45 -28 +34 +40 +35 +43 +27 -46 +30 +22 -39 -23 +31 +44 +47 +50 +21 -25 +48 -42 -26 +41 -24 -37 +32 -36 +29 -38 -49 
(30) +1 +2 +3 +4 +5 +6 +7 +8 +9 +10 +11 +12 +13 +14 +15 +16 +17 +18 +19 +20 -33 -45 -28 +34 +40 +35 +43 +27 -46 +30 +22 -39 -23 +31 +44 +47 +50 +21 -25 +48 -42 -26 +41 -24 -37 +32 -36 +29 -38 -49 
(31) +1 +2 +3 +4 +5 +6 +7 +8 +9 +10 +11 +12 +13 +14 +15 +16 +17 +18 +19 +20 -21 -50 -47 -44 -31 +23 +39 -22 -30 +46 -27 -43 -35 -40 -34 +28 +45 +33 -25 +48 -42 -26 +41 -24 -37 +32 -36 +29 -38 -49 
(32) +1 +2 +3 +4 +5 +6 +7 +8 +9 +10 +11 +12 +13 +14 +15 +16 +17 +18 +19 +20 +21 -50 -47 -44 -31 +23 +39 -22 -30 +46 -27 -43 -35 -40 -34 +28 +45 +33 -25 +48 -42 -26 +41 -24 -37 +32 -36 +29 -38 -49 
(33) +1 +2 +3 +4 +5 +6 +7 +8 +9 +10 +11 +12 +13 +14 +15 +16 +17 +18 +19 +20 +21 +22 -39 -23 +31 +44 +47 +50 -30 +46 -27 -43 -35 -40 -34 +28 +45 +33 -25 +48 -42 -26 +41 -24 -37 +32 -36 +29 -38 -49 
(34) +1 +2 +3 +4 +5 +6 +7 +8 +9 +10 +11 +12 +13 +14 +15 +16 +17 +18 +19 +20 +21 +22 +23 +39 +31 +44 +47 +50 -30 +46 -27 -43 -35 -40 -34 +28 +45 +33 -25 +48 -42 -26 +41 -24 -37 +32 -36 +29 -38 -49 
(35) +1 +2 +3 +4 +5 +6 +7 +8 +9 +10 +11 +12 +13 +14 +15 +16 +17 +18 +19 +20 +21 +22 +23 +24 -41 +26 +42 -48 +25 -33 -45 -28 +34 +40 +35 +43 +27 -46 +30 -50 -47 -44 -31 -39 -37 +32 -36 +29 -38 -49 
(36) +1 +2 +3 +4 +5 +6 +7 +8 +9 +10 +11 +12 +13 +14 +15 +16 +17 +18 +19 +20 +21 +22 +23 +24 -25 +48 -42 -26 +41 -33 -45 -28 +34 +40 +35 +43 +27 -46 +30 -50 -47 -44 -31 -39 -37 +32 -36 +29 -38 -49 
(37) +1 +2 +3 +4 +5 +6 +7 +8 +9 +10 +11 +12 +13 +14 +15 +16 +17 +18 +19 +20 +21 +22 +23 +24 +25 +48 -42 -26 +41 -33 -45 -28 +34 +40 +35 +43 +27 -46 +30 -50 -47 -44 -31 -39 -37 +32 -36 +29 -38 -49 
(38) +1 +2 +3 +4 +5 +6 +7 +8 +9 +10 +11 +12 +13 +14 +15 +16 +17 +18 +19 +20 +21 +22 +23 +24 +25 +26 +42 -48 +41 -33 -45 -28 +34 +40 +35 +43 +27 -46 +30 -50 -47 -44 -31 -39 -37 +32 -36 +29 -38 -49 
(39) +1 +2 +3 +4 +5 +6 +7 +8 +9 +10 +11 +12 +13 +14 +15 +16 +17 +18 +19 +20 +21 +22 +23 +24 +25 +26 -27 -43 -35 -40 -34 +28 +45 +33 -41 +48 -42 -46 +30 -50 -47 -44 -31 -39 -37 +32 -36 +29 -38 -49 
(40) +1 +2 +3 +4 +5 +6 +7 +8 +9 +10 +11 +12 +13 +14 +15 +16 +17 +18 +19 +20 +21 +22 +23 +24 +25 +26 +27 -43 -35 -40 -34 +28 +45 +33 -41 +48 -42 -46 +30 -50 -47 -44 -31 -39 -37 +32 -36 +29 -38 -49 
(41) +1 +2 +3 +4 +5 +6 +7 +8 +9 +10 +11 +12 +13 +14 +15 +16 +17 +18 +19 +20 +21 +22 +23 +24 +25 +26 +27 -28 +34 +40 +35 +43 +45 +33 -41 +48 -42 -46 +30 -50 -47 -44 -31 -39 -37 +32 -36 +29 -38 -49 
(42) +1 +2 +3 +4 +5 +6 +7 +8 +9 +10 +11 +12 +13 +14 +15 +16 +17 +18 +19 +20 +21 +22 +23 +24 +25 +26 +27 +28 +34 +40 +35 +43 +45 +33 -41 +48 -42 -46 +30 -50 -47 -44 -31 -39 -37 +32 -36 +29 -38 -49 
(43) +1 +2 +3 +4 +5 +6 +7 +8 +9 +10 +11 +12 +13 +14 +15 +16 +17 +18 +19 +20 +21 +22 +23 +24 +25 +26 +27 +28 -29 +36 -32 +37 +39 +31 +44 +47 +50 -30 +46 +42 -48 +41 -33 -45 -43 -35 -40 -34 -38 -49 
(44) +1 +2 +3 +4 +5 +6 +7 +8 +9 +10 +11 +12 +13 +14 +15 +16 +17 +18 +19 +20 +21 +22 +23 +24 +25 +26 +27 +28 +29 +36 -32 +37 +39 +31 +44 +47 +50 -30 +46 +42 -48 +41 -33 -45 -43 -35 -40 -34 -38 -49 
(45) +1 +2 +3 +4 +5 +6 +7 +8 +9 +10 +11 +12 +13 +14 +15 +16 +17 +18 +19 +20 +21 +22 +23 +24 +25 +26 +27 +28 +29 +30 -50 -47 -44 -31 -39 -37 +32 -36 +46 +42 -48 +41 -33 -45 -43 -35 -40 -34 -38 -49 
(46) +1 +2 +3 +4 +5 +6 +7 +8 +9 +10 +11 +12 +13 +14 +15 +16 +17 +18 +19 +20 +21 +22 +23 +24 +25 +26 +27 +28 +29 +30 +31 +44 +47 +50 -39 -37 +32 -36 +46 +42 -48 +41 -33 -45 -43 -35 -40 -34 -38 -49 
(47) +1 +2 +3 +4 +5 +6 +7 +8 +9 +10 +11 +12 +13 +14 +15 +16 +17 +18 +19 +20 +21 +22 +23 +24 +25 +26 +27 +28 +29 +30 +31 -32 +37 +39 -50 -47 -44 -36 +46 +42 -48 +41 -33 -45 -43 -35 -40 -34 -38 -49 
(48) +1 +2 +3 +4 +5 +6 +7 +8 +9 +10 +11 +12 +13 +14 +15 +16 +17 +18 +19 +20 +21 +22 +23 +24 +25 +26 +27 +28 +29 +30 +31 +32 +37 +39 -50 -47 -44 -36 +46 +42 -48 +41 -33 -45 -43 -35 -40 -34 -38 -49 
(49) +1 +2 +3 +4 +5 +6 +7 +8 +9 +10 +11 +12 +13 +14 +15 +16 +17 +18 +19 +20 +21 +22 +23 +24 +25 +26 +27 +28 +29 +30 +31 +32 +33 -41 +48 -42 -46 +36 +44 +47 +50 -39 -37 -45 -43 -35 -40 -34 -38 -49 
(50) +1 +2 +3 +4 +5 +6 +7 +8 +9 +10 +11 +12 +13 +14 +15 +16 +17 +18 +19 +20 +21 +22 +23 +24 +25 +26 +27 +28 +29 +30 +31 +32 +33 +34 +40 +35 +43 +45 +37 +39 -50 -47 -44 -36 +46 +42 -48 +41 -38 -49 
(51) +1 +2 +3 +4 +5 +6 +7 +8 +9 +10 +11 +12 +13 +14 +15 +16 +17 +18 +19 +20 +21 +22 +23 +24 +25 +26 +27 +28 +29 +30 +31 +32 +33 +34 -35 -40 +43 +45 +37 +39 -50 -47 -44 -36 +46 +42 -48 +41 -38 -49 
(52) +1 +2 +3 +4 +5 +6 +7 +8 +9 +10 +11 +12 +13 +14 +15 +16 +17 +18 +19 +20 +21 +22 +23 +24 +25 +26 +27 +28 +29 +30 +31 +32 +33 +34 +35 -40 +43 +45 +37 +39 -50 -47 -44 -36 +46 +42 -48 +41 -38 -49 
(53) +1 +2 +3 +4 +5 +6 +7 +8 +9 +10 +11 +12 +13 +14 +15 +16 +17 +18 +19 +20 +21 +22 +23 +24 +25 +26 +27 +28 +29 +30 +31 +32 +33 +34 +35 +36 +44 +47 +50 -39 -37 -45 -43 +40 +46 +42 -48 +41 -38 -49 
(54) +1 +2 +3 +4 +5 +6 +7 +8 +9 +10 +11 +12 +13 +14 +15 +16 +17 +18 +19 +20 +21 +22 +23 +24 +25 +26 +27 +28 +29 +30 +31 +32 +33 +34 +35 +36 +37 +39 -50 -47 -44 -45 -43 +40 +46 +42 -48 +41 -38 -49 
(55) +1 +2 +3 +4 +5 +6 +7 +8 +9 +10 +11 +12 +13 +14 +15 +16 +17 +18 +19 +20 +21 +22 +23 +24 +25 +26 +27 +28 +29 +30 +31 +32 +33 +34 +35 +36 +37 +38 -41 +48 -42 -46 -40 +43 +45 +44 +47 +50 -39 -49 
(56) +1 +2 +3 +4 +5 +6 +7 +8 +9 +10 +11 +12 +13 +14 +15 +16 +17 +18 +19 +20 +21 +22 +23 +24 +25 +26 +27 +28 +29 +30 +31 +32 +33 +34 +35 +36 +37 +38 +39 -50 -47 -44 -45 -43 +40 +46 +42 -48 +41 -49 
(57) +1 +2 +3 +4 +5 +6 +7 +8 +9 +10 +11 +12 +13 +14 +15 +16 +17 +18 +19 +20 +21 +22 +23 +24 +25 +26 +27 +28 +29 +30 +31 +32 +33 +34 +35 +36 +37 +38 +39 -40 +43 +45 +44 +47 +50 +46 +42 -48 +41 -49 
(58) +1 +2 +3 +4 +5 +6 +7 +8 +9 +10 +11 +12 +13 +14 +15 +16 +17 +18 +19 +20 +21 +22 +23 +24 +25 +26 +27 +28 +29 +30 +31 +32 +33 +34 +35 +36 +37 +38 +39 +40 +43 +45 +44 +47 +50 +46 +42 -48 +41 -49 
(59) +1 +2 +3 +4 +5 +6 +7 +8 +9 +10 +11 +12 +13 +14 +15 +16 +17 +18 +19 +20 +21 +22 +23 +24 +25 +26 +27 +28 +29 +30 +31 +32 +33 +34 +35 +36 +37 +38 +39 +40 -41 +48 -42 -46 -50 -47 -44 -45 -43 -49 
(60) +1 +2 +3 +4 +5 +6 +7 +8 +9 +10 +11 +12 +13 +14 +15 +16 +17 +18 +19 +20 +21 +22 +23 +24 +25 +26 +27 +28 +29 +30 +31 +32 +33 +34 +35 +36 +37 +38 +39 +40 +41 +48 -42 -46 -50 -47 -44 -45 -43 -49 
(61) +1 +2 +3 +4 +5 +6 +7 +8 +9 +10 +11 +12 +13 +14 +15 +16 +17 +18 +19 +20 +21 +22 +23 +24 +25 +26 +27 +28 +29 +30 +31 +32 +33 +34 +35 +36 +37 +38 +39 +40 +41 +42 -48 -46 -50 -47 -44 -45 -43 -49 
(62) +1 +2 +3 +4 +5 +6 +7 +8 +9 +10 +11 +12 +13 +14 +15 +16 +17 +18 +19 +20 +21 +22 +23 +24 +25 +26 +27 +28 +29 +30 +31 +32 +33 +34 +35 +36 +37 +38 +39 +40 +41 +42 +43 +45 +44 +47 +50 +46 +48 -49 
(63) +1 +2 +3 +4 +5 +6 +7 +8 +9 +10 +11 +12 +13 +14 +15 +16 +17 +18 +19 +20 +21 +22 +23 +24 +25 +26 +27 +28 +29 +30 +31 +32 +33 +34 +35 +36 +37 +38 +39 +40 +41 +42 +43 -44 -45 +47 +50 +46 +48 -49 
(64) +1 +2 +3 +4 +5 +6 +7 +8 +9 +10 +11 +12 +13 +14 +15 +16 +17 +18 +19 +20 +21 +22 +23 +24 +25 +26 +27 +28 +29 +30 +31 +32 +33 +34 +35 +36 +37 +38 +39 +40 +41 +42 +43 +44 -45 +47 +50 +46 +48 -49 
(65) +1 +2 +3 +4 +5 +6 +7 +8 +9 +10 +11 +12 +13 +14 +15 +16 +17 +18 +19 +20 +21 +22 +23 +24 +25 +26 +27 +28 +29 +30 +31 +32 +33 +34 +35 +36 +37 +38 +39 +40 +41 +42 +43 +44 +45 +47 +50 +46 +48 -49 
(66) +1 +2 +3 +4 +5 +6 +7 +8 +9 +10 +11 +12 +13 +14 +15 +16 +17 +18 +19 +20 +21 +22 +23 +24 +25 +26 +27 +28 +29 +30 +31 +32 +33 +34 +35 +36 +37 +38 +39 +40 +41 +42 +43 +44 +45 -46 -50 -47 +48 -49 
(67) +1 +2 +3 +4 +5 +6 +7 +8 +9 +10 +11 +12 +13 +14 +15 +16 +17 +18 +19 +20 +21 +22 +23 +24 +25 +26 +27 +28 +29 +30 +31 +32 +33 +34 +35 +36 +37 +38 +39 +40 +41 +42 +43 +44 +45 +46 -50 -47 +48 -49 
(68) +1 +2 +3 +4 +5 +6 +7 +8 +9 +10 +11 +12 +13 +14 +15 +16 +17 +18 +19 +20 +21 +22 +23 +24 +25 +26 +27 +28 +29 +30 +31 +32 +33 +34 +35 +36 +37 +38 +39 +40 +41 +42 +43 +44 +45 +46 +47 +50 +48 -49 
(69) +1 +2 +3 +4 +5 +6 +7 +8 +9 +10 +11 +12 +13 +14 +15 +16 +17 +18 +19 +20 +21 +22 +23 +24 +25 +26 +27 +28 +29 +30 +31 +32 +33 +34 +35 +36 +37 +38 +39 +40 +41 +42 +43 +44 +45 +46 +47 -48 -50 -49 
(70) +1 +2 +3 +4 +5 +6 +7 +8 +9 +10 +11 +12 +13 +14 +15 +16 +17 +18 +19 +20 +21 +22 +23 +24 +25 +26 +27 +28 +29 +30 +31 +32 +33 +34 +35 +36 +37 +38 +39 +40 +41 +42 +43 +44 +45 +46 +47 +48 -50 -49 
(71) +1 +2 +3 +4 +5 +6 +7 +8 +9 +10 +11 +12 +13 +14 +15 +16 +17 +18 +19 +20 +21 +22 +23 +24 +25 +26 +27 +28 +29 +30 +31 +32 +33 +34 +35 +36 +37 +38 +39 +40 +41 +42 +43 +44 +45 +46 +47 +48 +49 +50 
